Swetland
  9.232835E+04 5.963996E+04 1585.000000 LS_000376_0026
  9.235120E+04 5.966871E+04 1585.000000 LS_000376_0051
  9.237405E+04 5.969746E+04 1585.000000 LS_000376_0076
  9.239690E+04 5.972621E+04 1585.000000 LS_000376_0101
  9.241975E+04 5.975495E+04 1585.000000 LS_000376_0126
  9.243155E+04 5.981762E+04 1585.000000 LS_000376_0151
  9.244334E+04 5.988028E+04 1585.000000 LS_000376_0176
  9.245513E+04 5.994295E+04 1585.000000 LS_000376_0201
  9.246693E+04 6.000561E+04 1585.000000 LS_000376_0226
  9.250305E+04 5.997096E+04 1585.000000 LS_000376_0251
  9.253917E+04 5.993632E+04 1585.000000 LS_000376_0276
  9.257530E+04 5.990167E+04 1585.000000 LS_000376_0301
  9.261142E+04 5.986703E+04 1585.000000 LS_000376_0351
  9.256867E+04 5.981542E+04 1585.000000 LS_000376_0401
  9.252592E+04 5.976381E+04 1585.000000 LS_000376_0451
  9.254656E+04 5.968862E+04 1585.000000 LS_000376_0501
  9.256719E+04 5.961342E+04 1585.000000 LS_000376_0526
  9.261143E+04 5.958541E+04 1585.000000 LS_000376_0551
  9.265566E+04 5.955740E+04 1585.000000 LS_000376_0576
  9.269989E+04 5.952939E+04 1585.000000 LS_000376_0601
  9.274413E+04 5.950138E+04 1585.000000 LS_000376_0651
  9.281490E+04 5.945418E+04 1585.000000 LS_000376_0701
  9.288566E+04 5.940699E+04 1585.000000 LS_000376_0726
  9.293726E+04 5.936866E+04 1585.000000 LS_000376_0751
  9.298886E+04 5.933033E+04 1585.000000 LS_000376_0776
  9.304046E+04 5.929200E+04 1585.000000 LS_000376_0801
  9.309206E+04 5.925367E+04 1585.000000 LS_000376_0814
  9.313003E+04 5.926436E+04 1585.000000 LS_000376_0826
  9.316800E+04 5.927505E+04 1585.000000 LS_000376_0838
  9.320596E+04 5.928574E+04 1585.000000 LS_000376_0851
  9.324393E+04 5.929642E+04 1585.000000 LS_000376_0864
  9.328190E+04 5.930711E+04 1585.000000 LS_000376_0876
  9.331987E+04 5.931780E+04 1585.000000 LS_000376_0888
  9.335783E+04 5.932849E+04 1585.000000 LS_000376_0901
  9.339580E+04 5.933917E+04 1585.000000 LS_000376_0926
  9.342676E+04 5.937383E+04 1585.000000 LS_000376_0951
  9.345773E+04 5.940848E+04 1585.000000 LS_000376_0976
  9.348869E+04 5.944313E+04 1585.000000 LS_000376_1001
  9.351965E+04 5.947779E+04 1585.000000 LS_000376_1051
  9.355208E+04 5.943650E+04 1585.000000 LS_000376_1101
  9.358451E+04 5.939521E+04 1585.000000 LS_000376_1126
  9.363833E+04 5.936203E+04 1585.000000 LS_000376_1151
  9.369214E+04 5.932885E+04 1585.000000 LS_000376_1176
  9.374596E+04 5.929568E+04 1585.000000 LS_000376_1201
  9.379977E+04 5.926250E+04 1585.000000 LS_000376_1226
  9.383737E+04 5.924113E+04 1585.000000 LS_000376_1251
  9.387497E+04 5.921975E+04 1585.000000 LS_000376_1276
  9.391257E+04 5.919838E+04 1585.000000 LS_000376_1301
  9.395016E+04 5.917700E+04 1585.000000 LS_000376_1314
  9.398887E+04 5.917479E+04 1585.000000 LS_000376_1326
  9.402757E+04 5.917258E+04 1585.000000 LS_000376_1338
  9.406627E+04 5.917037E+04 1585.000000 LS_000376_1351
  9.410497E+04 5.916816E+04 1585.000000 LS_000376_1364
  9.414367E+04 5.916595E+04 1585.000000 LS_000376_1376
  9.418237E+04 5.916374E+04 1585.000000 LS_000376_1388
  9.422108E+04 5.916153E+04 1585.000000 LS_000376_1401
  9.425978E+04 5.915932E+04 1585.000000 LS_000376_1426
  9.427305E+04 5.919986E+04 1585.000000 LS_000376_1451
  9.428632E+04 5.924040E+04 1585.000000 LS_000376_1476
  9.429959E+04 5.928095E+04 1585.000000 LS_000376_1501
  9.431286E+04 5.932149E+04 1585.000000 LS_000376_1551
  9.437331E+04 5.932885E+04 1585.000000 LS_000376_1601
  9.443376E+04 5.933622E+04 1585.000000 LS_000376_1626
  9.448168E+04 5.935613E+04 1585.000000 LS_000376_1651
  9.452959E+04 5.937603E+04 1585.000000 LS_000376_1676
  9.457751E+04 5.939594E+04 1585.000000 LS_000376_1701
  9.462543E+04 5.941585E+04 1585.000000 LS_000376_1726
  9.465565E+04 5.939815E+04 1585.000000 LS_000376_1751
  9.468588E+04 5.938046E+04 1585.000000 LS_000376_1776
  9.471610E+04 5.936277E+04 1585.000000 LS_000376_1801
  9.474633E+04 5.934508E+04 1585.000000 LS_000376_1826
  9.476770E+04 5.929495E+04 1585.000000 LS_000376_1851
  9.478907E+04 5.924482E+04 1585.000000 LS_000376_1876
  9.481045E+04 5.919469E+04 1585.000000 LS_000376_1901
  9.483182E+04 5.914455E+04 1585.000000 LS_000376_1926
  9.489301E+04 5.914013E+04 1585.000000 LS_000376_1951
  9.495420E+04 5.913571E+04 1585.000000 LS_000376_1976
  9.501539E+04 5.913129E+04 1585.000000 LS_000376_2001
  9.507657E+04 5.912687E+04 1585.000000 LS_000376_2026
  9.513629E+04 5.913793E+04 1585.000000 LS_000376_2051
  9.519601E+04 5.914898E+04 1585.000000 LS_000376_2076
  9.525573E+04 5.916004E+04 1585.000000 LS_000376_2101
  9.531545E+04 5.917110E+04 1585.000000 LS_000376_2126
  9.534494E+04 5.913055E+04 1585.000000 LS_000376_2151
  9.537443E+04 5.909001E+04 1585.000000 LS_000376_2176
  9.540391E+04 5.904947E+04 1585.000000 LS_000376_2201
  9.543340E+04 5.900892E+04 1585.000000 LS_000376_2251
  9.543192E+04 5.895732E+04 1585.000000 LS_000376_2301
  9.543045E+04 5.890571E+04 1585.000000 LS_000376_2326
  9.537000E+04 5.890866E+04 1585.000000 LS_000376_2351
  9.530955E+04 5.891161E+04 1585.000000 LS_000376_2376
  9.524910E+04 5.891457E+04 1585.000000 LS_000376_2401
  9.518865E+04 5.891752E+04 1585.000000 LS_000376_2426
  9.513926E+04 5.894405E+04 1585.000000 LS_000376_2451
  9.508986E+04 5.897059E+04 1585.000000 LS_000376_2476
  9.504047E+04 5.899712E+04 1585.000000 LS_000376_2501
  9.499108E+04 5.902365E+04 1585.000000 LS_000376_2514
  9.494758E+04 5.902439E+04 1585.000000 LS_000376_2526
  9.490408E+04 5.902513E+04 1585.000000 LS_000376_2538
  9.486059E+04 5.902587E+04 1585.000000 LS_000376_2551
  9.481709E+04 5.902661E+04 1585.000000 LS_000376_2564
  9.477360E+04 5.902735E+04 1585.000000 LS_000376_2576
  9.473010E+04 5.902808E+04 1585.000000 LS_000376_2588
  9.468661E+04 5.902882E+04 1585.000000 LS_000376_2601
  9.464311E+04 5.902956E+04 1585.000000 LS_000376_2626
  9.461510E+04 5.901629E+04 1585.000000 LS_000376_2651
  9.458709E+04 5.900302E+04 1585.000000 LS_000376_2701
  9.453107E+04 5.897648E+04 1585.000000 LS_000376_2726
  9.450969E+04 5.894625E+04 1585.000000 LS_000376_2751
  9.448830E+04 5.891603E+04 1585.000000 LS_000376_2776
  9.446692E+04 5.888580E+04 1585.000000 LS_000376_2801
  9.444554E+04 5.885558E+04 1585.000000 LS_000376_2826
  9.439468E+04 5.884010E+04 1585.000000 LS_000376_2851
  9.434382E+04 5.882462E+04 1585.000000 LS_000376_2876
  9.429295E+04 5.880915E+04 1585.000000 LS_000376_2901
  9.424209E+04 5.879367E+04 1585.000000 LS_000376_2951
  9.420523E+04 5.873911E+04 1585.000000 LS_000376_2976
  9.418680E+04 5.871183E+04 1585.000000 LS_000376_3001
  9.416837E+04 5.868455E+04 1585.000000 LS_000376_3014
  9.416616E+04 5.864069E+04 1585.000000 LS_000376_3026
  9.416395E+04 5.859683E+04 1585.000000 LS_000376_3038
  9.416174E+04 5.855297E+04 1585.000000 LS_000376_3051
  9.415953E+04 5.850910E+04 1585.000000 LS_000376_3064
  9.415732E+04 5.846524E+04 1585.000000 LS_000376_3076
  9.415511E+04 5.842138E+04 1585.000000 LS_000376_3088
  9.415290E+04 5.837752E+04 1585.000000 LS_000376_3101
  9.415069E+04 5.833366E+04 1585.000000 LS_000376_3126
  9.413152E+04 5.830490E+04 1585.000000 LS_000376_3151
  9.411235E+04 5.827615E+04 1585.000000 LS_000376_3176
  9.409318E+04 5.824739E+04 1585.000000 LS_000376_3201
  9.407402E+04 5.821864E+04 1585.000000 LS_000376_3226
  9.404305E+04 5.820758E+04 1585.000000 LS_000376_3251
  9.401209E+04 5.819652E+04 1585.000000 LS_000376_3276
  9.398113E+04 5.818547E+04 1585.000000 LS_000376_3301
  9.395016E+04 5.817441E+04 1585.000000 LS_000376_3326
  9.392215E+04 5.815082E+04 1585.000000 LS_000376_3351
  9.389413E+04 5.812723E+04 1585.000000 LS_000376_3376
  9.386611E+04 5.810364E+04 1585.000000 LS_000376_3401
  9.383809E+04 5.808005E+04 1585.000000 LS_000376_3414
  9.385136E+04 5.812465E+04 1585.000000 LS_000376_3426
  9.386463E+04 5.816925E+04 1585.000000 LS_000376_3451
  9.389117E+04 5.825845E+04 1585.000000 LS_000376_3464
  9.390445E+04 5.830305E+04 1585.000000 LS_000376_3476
  9.391772E+04 5.834765E+04 1585.000000 LS_000376_3488
  9.393099E+04 5.839224E+04 1585.000000 LS_000376_3501
  9.394426E+04 5.843684E+04 1585.000000 LS_000376_3526
  9.392583E+04 5.850614E+04 1585.000000 LS_000376_3551
  9.390740E+04 5.857544E+04 1585.000000 LS_000376_3576
  9.388897E+04 5.864474E+04 1585.000000 LS_000376_3601
  9.387054E+04 5.871404E+04 1585.000000 LS_000376_3626
  9.380861E+04 5.873469E+04 1585.000000 LS_000376_3651
  9.374669E+04 5.875533E+04 1585.000000 LS_000376_3676
  9.368476E+04 5.877598E+04 1585.000000 LS_000376_3701
  9.362283E+04 5.879662E+04 1585.000000 LS_000376_3726
  9.356754E+04 5.883938E+04 1585.000000 LS_000376_3751
  9.351225E+04 5.888214E+04 1585.000000 LS_000376_3776
  9.345696E+04 5.892489E+04 1585.000000 LS_000376_3801
  9.340167E+04 5.896765E+04 1585.000000 LS_000376_3826
  9.334565E+04 5.898387E+04 1585.000000 LS_000376_3851
  9.328963E+04 5.900008E+04 1585.000000 LS_000376_3876
  9.323361E+04 5.901630E+04 1585.000000 LS_000376_3901
  9.317759E+04 5.903251E+04 1585.000000 LS_000376_3926
  9.313114E+04 5.906568E+04 1585.000000 LS_000376_3951
  9.308469E+04 5.909885E+04 1585.000000 LS_000376_3976
  9.303825E+04 5.913202E+04 1585.000000 LS_000376_4001
  9.299180E+04 5.916519E+04 1585.000000 LS_000376_4026
  9.294536E+04 5.921901E+04 1585.000000 LS_000376_4051
  9.289892E+04 5.927283E+04 1585.000000 LS_000376_4076
  9.285248E+04 5.932666E+04 1585.000000 LS_000376_4101
  9.280604E+04 5.938048E+04 1585.000000 LS_000376_4151
  9.274706E+04 5.942618E+04 1585.000000 LS_000376_4201
  9.268809E+04 5.947188E+04 1585.000000 LS_000376_4214
  9.264312E+04 5.946893E+04 1585.000000 LS_000376_4226
  9.259815E+04 5.946599E+04 1585.000000 LS_000376_4238
  9.255319E+04 5.946304E+04 1585.000000 LS_000376_4251
  9.250822E+04 5.946009E+04 1585.000000 LS_000376_4264
  9.246325E+04 5.945714E+04 1585.000000 LS_000376_4276
  9.241828E+04 5.945419E+04 1585.000000 LS_000376_4288
  9.237331E+04 5.945124E+04 1585.000000 LS_000376_4301
  9.232835E+04 5.944829E+04 1585.000000 LS_000376_4326
  9.232687E+04 5.949252E+04 1585.000000 LS_000376_4351
  9.232539E+04 5.953675E+04 1585.000000 LS_000376_4376
  9.232392E+04 5.958097E+04 1585.000000 LS_000376_4401
 9.232244E+04 5.962520E+04 
Nwetland
  9.461070E+04 6.107618E+04 1598.900000 LS_000375_0008
  9.460480E+04 6.104006E+04 1598.900000 LS_000375_0014
  9.459890E+04 6.100394E+04 1598.900000 LS_000375_0020
  9.459300E+04 6.096781E+04 1598.900000 LS_000375_0026
  9.458711E+04 6.093169E+04 1598.900000 LS_000375_0032
  9.456425E+04 6.090297E+04 1598.900000 LS_000375_0038
  9.454139E+04 6.087425E+04 1598.900000 LS_000375_0044
  9.451853E+04 6.084552E+04 1598.900000 LS_000375_0051
  9.449567E+04 6.081680E+04 1598.900000 LS_000375_0101
  9.444928E+04 6.085417E+04 1598.900000 LS_000375_0126
  9.444779E+04 6.088707E+04 1598.900000 LS_000375_0151
  9.444629E+04 6.091998E+04 1598.900000 LS_000375_0176
  9.444480E+04 6.095289E+04 1598.900000 LS_000375_0201
  9.444331E+04 6.098579E+04 1598.900000 LS_000375_0214
  9.438797E+04 6.098280E+04 1598.900000 LS_000375_0226
  9.433264E+04 6.097981E+04 1598.900000 LS_000375_0238
  9.427730E+04 6.097681E+04 1598.900000 LS_000375_0251
  9.422197E+04 6.097382E+04 1598.900000 LS_000375_0264
  9.416663E+04 6.097083E+04 1598.900000 LS_000375_0276
  9.411129E+04 6.096783E+04 1598.900000 LS_000375_0288
  9.405596E+04 6.096484E+04 1598.900000 LS_000375_0301
  9.400062E+04 6.096184E+04 1598.900000 LS_000375_0314
  9.399240E+04 6.100222E+04 1598.900000 LS_000375_0326
  9.398418E+04 6.104260E+04 1598.900000 LS_000375_0338
  9.397596E+04 6.108298E+04 1598.900000 LS_000375_0351
  9.396773E+04 6.112336E+04 1598.900000 LS_000375_0364
  9.395951E+04 6.116374E+04 1598.900000 LS_000375_0376
  9.395129E+04 6.120412E+04 1598.900000 LS_000375_0388
  9.394307E+04 6.124450E+04 1598.900000 LS_000375_0401
  9.393484E+04 6.128488E+04 1598.900000 LS_000375_0426
  9.385708E+04 6.129983E+04 1598.900000 LS_000375_0438
  9.381820E+04 6.130730E+04 1598.900000 LS_000375_0451
  9.377931E+04 6.131478E+04 1598.900000 LS_000375_0464
  9.374043E+04 6.132226E+04 1598.900000 LS_000375_0476
  9.370155E+04 6.132973E+04 1598.900000 LS_000375_0488
  9.366267E+04 6.133721E+04 1598.900000 LS_000375_0501
  9.362379E+04 6.134469E+04 1598.900000 LS_000375_0514
  9.358640E+04 6.132899E+04 1598.900000 LS_000375_0526
  9.354901E+04 6.131329E+04 1598.900000 LS_000375_0538
  9.351162E+04 6.129759E+04 1598.900000 LS_000375_0551
  9.347423E+04 6.128189E+04 1598.900000 LS_000375_0564
  9.343684E+04 6.126619E+04 1598.900000 LS_000375_0576
  9.339945E+04 6.125049E+04 1598.900000 LS_000375_0588
  9.336206E+04 6.123479E+04 1598.900000 LS_000375_0601
  9.332467E+04 6.121909E+04 1598.900000 LS_000375_0614
  9.327981E+04 6.118769E+04 1598.900000 LS_000375_0626
  9.323494E+04 6.115628E+04 1598.900000 LS_000375_0638
  9.319008E+04 6.112488E+04 1598.900000 LS_000375_0651
  9.314521E+04 6.109347E+04 1598.900000 LS_000375_0664
  9.310034E+04 6.106207E+04 1598.900000 LS_000375_0676
  9.305548E+04 6.103066E+04 1598.900000 LS_000375_0688
  9.301061E+04 6.099925E+04 1598.900000 LS_000375_0701
  9.296575E+04 6.096785E+04 1598.900000 LS_000375_0714
  9.294033E+04 6.090504E+04 1598.900000 LS_000375_0726
  9.291490E+04 6.084222E+04 1598.900000 LS_000375_0738
  9.288948E+04 6.077941E+04 1598.900000 LS_000375_0751
  9.286406E+04 6.071660E+04 1598.900000 LS_000375_0764
  9.283864E+04 6.065379E+04 1598.900000 LS_000375_0776
  9.281321E+04 6.059098E+04 1598.900000 LS_000375_0788
  9.278779E+04 6.052817E+04 1598.900000 LS_000375_0801
  9.276237E+04 6.046535E+04 1598.900000 LS_000375_0826
  9.277882E+04 6.041152E+04 1598.900000 LS_000375_0851
  9.279528E+04 6.035768E+04 1598.900000 LS_000375_0876
  9.281173E+04 6.030384E+04 1598.900000 LS_000375_0901
  9.282818E+04 6.025000E+04 1598.900000 LS_000375_0951
  9.283415E+04 6.018420E+04 1598.900000 LS_000375_1001
  9.284012E+04 6.011841E+04 1598.900000 LS_000375_1101
  9.278629E+04 6.009449E+04 1598.900000 LS_000375_1126
  9.274890E+04 6.014683E+04 1598.900000 LS_000375_1151
  9.271152E+04 6.019916E+04 1598.900000 LS_000375_1176
  9.267413E+04 6.025150E+04 1598.900000 LS_000375_1201
  9.263675E+04 6.030384E+04 1598.900000 LS_000375_1251
  9.266667E+04 6.038161E+04 1598.900000 LS_000375_1301
  9.269659E+04 6.045938E+04 1598.900000 LS_000375_1314
  9.266892E+04 6.049827E+04 1598.900000 LS_000375_1326
  9.264125E+04 6.053715E+04 1598.900000 LS_000375_1338
  9.261358E+04 6.057603E+04 1598.900000 LS_000375_1351
  9.258591E+04 6.061491E+04 1598.900000 LS_000375_1364
  9.255824E+04 6.065379E+04 1598.900000 LS_000375_1376
  9.253057E+04 6.069268E+04 1598.900000 LS_000375_1388
  9.250290E+04 6.073156E+04 1598.900000 LS_000375_1401
  9.247523E+04 6.077044E+04 1598.900000 LS_000375_1414
  9.247448E+04 6.082278E+04 1598.900000 LS_000375_1426
  9.247374E+04 6.087512E+04 1598.900000 LS_000375_1438
  9.247299E+04 6.092746E+04 1598.900000 LS_000375_1451
  9.247224E+04 6.097981E+04 1598.900000 LS_000375_1464
  9.247150E+04 6.103215E+04 1598.900000 LS_000375_1476
  9.247075E+04 6.108449E+04 1598.900000 LS_000375_1488
  9.247000E+04 6.113683E+04 1598.900000 LS_000375_1501
  9.246926E+04 6.118917E+04 1598.900000 LS_000375_1551
  9.246029E+04 6.124898E+04 1598.900000 LS_000375_1601
  9.245131E+04 6.130879E+04 1598.900000 LS_000375_1626
  9.251861E+04 6.133871E+04 1598.900000 LS_000375_1651
  9.258591E+04 6.136862E+04 1598.900000 LS_000375_1676
  9.265321E+04 6.139853E+04 1598.900000 LS_000375_1701
  9.272051E+04 6.142844E+04 1598.900000 LS_000375_1714
  9.272499E+04 6.148378E+04 1598.900000 LS_000375_1726
  9.272948E+04 6.153911E+04 1598.900000 LS_000375_1738
  9.273396E+04 6.159444E+04 1598.900000 LS_000375_1751
  9.273845E+04 6.164977E+04 1598.900000 LS_000375_1764
  9.274294E+04 6.170510E+04 1598.900000 LS_000375_1776
  9.274742E+04 6.176043E+04 1598.900000 LS_000375_1788
  9.275191E+04 6.181576E+04 1598.900000 LS_000375_1801
  9.275640E+04 6.187110E+04 1598.900000 LS_000375_1826
  9.284762E+04 6.189652E+04 1598.900000 LS_000375_1851
  9.293885E+04 6.192195E+04 1598.900000 LS_000375_1876
  9.303007E+04 6.194738E+04 1598.900000 LS_000375_1901
  9.312129E+04 6.197280E+04 1598.900000 LS_000375_1926
  9.319008E+04 6.190850E+04 1598.900000 LS_000375_1951
  9.325887E+04 6.184419E+04 1598.900000 LS_000375_1976
  9.332767E+04 6.177989E+04 1598.900000 LS_000375_2001
  9.339646E+04 6.171558E+04 1598.900000 LS_000375_2026
  9.350413E+04 6.174549E+04 1598.900000 LS_000375_2051
  9.361181E+04 6.177539E+04 1598.900000 LS_000375_2076
  9.371949E+04 6.180530E+04 1598.900000 LS_000375_2101
  9.382717E+04 6.183520E+04 1598.900000 LS_000375_2151
  9.384511E+04 6.191596E+04 1598.900000 LS_000375_2201
  9.386306E+04 6.199672E+04 1598.900000 LS_000375_2226
  9.394979E+04 6.200420E+04 1598.900000 LS_000375_2251
  9.403653E+04 6.201168E+04 1598.900000 LS_000375_2276
  9.412327E+04 6.201916E+04 1598.900000 LS_000375_2301
  9.421001E+04 6.202664E+04 1598.900000 LS_000375_2351
  9.427580E+04 6.208647E+04 1598.900000 LS_000375_2401
  9.434160E+04 6.214629E+04 1598.900000 LS_000375_2451
  9.441637E+04 6.210740E+04 1598.900000 LS_000375_2501
  9.449114E+04 6.206850E+04 1598.900000 LS_000375_2526
  9.458087E+04 6.208196E+04 1598.900000 LS_000375_2551
  9.467060E+04 6.209542E+04 1598.900000 LS_000375_2576
  9.476033E+04 6.210888E+04 1598.900000 LS_000375_2601
  9.485007E+04 6.212234E+04 1598.900000 LS_000375_2614
  9.481417E+04 6.202215E+04 1598.900000 LS_000375_2626
  9.477828E+04 6.192195E+04 1598.900000 LS_000375_2632
  9.476033E+04 6.187185E+04 1598.900000 LS_000375_2638
  9.474239E+04 6.182175E+04 1598.900000 LS_000375_2651
  9.470650E+04 6.172156E+04 1598.900000 LS_000375_2664
  9.467060E+04 6.162136E+04 1598.900000 LS_000375_2676
  9.463471E+04 6.152116E+04 1598.900000 LS_000375_2688
  9.459882E+04 6.142096E+04 1598.900000 LS_000375_2701
  9.456293E+04 6.132077E+04 1598.900000 LS_000375_2776
  9.457634E+04 6.126334E+04 1598.900000 LS_000375_2851
  9.458975E+04 6.120591E+04 1598.900000 LS_000375_2926
  9.460316E+04 6.114847E+04 1598.900000 LS_000375_3001
 9.461657E+04 6.109104E+04 
Mindy
  9.592083E+04 5.798284E+04 1594.000000 LS_000374_0026
  9.593579E+04 5.796640E+04 1594.000000 LS_000374_0051
  9.595074E+04 5.794995E+04 1594.000000 LS_000374_0076
  9.596569E+04 5.793351E+04 1594.000000 LS_000374_0101
  9.598064E+04 5.791706E+04 1594.000000 LS_000374_0126
  9.597616E+04 5.789163E+04 1594.000000 LS_000374_0151
  9.597167E+04 5.786621E+04 1594.000000 LS_000374_0176
  9.596718E+04 5.784078E+04 1594.000000 LS_000374_0201
  9.596270E+04 5.781535E+04 1594.000000 LS_000374_0208
  9.595298E+04 5.779442E+04 1594.000000 LS_000374_0214
  9.594326E+04 5.777348E+04 1594.000000 LS_000374_0220
  9.593354E+04 5.775255E+04 1594.000000 LS_000374_0226
  9.592382E+04 5.773161E+04 1594.000000 LS_000374_0232
  9.591410E+04 5.771068E+04 1594.000000 LS_000374_0238
  9.590438E+04 5.768974E+04 1594.000000 LS_000374_0244
  9.589466E+04 5.766880E+04 1594.000000 LS_000374_0251
  9.588494E+04 5.764787E+04 1594.000000 LS_000374_0258
  9.587522E+04 5.762693E+04 1594.000000 LS_000374_0264
  9.586550E+04 5.760600E+04 1594.000000 LS_000374_0270
  9.585578E+04 5.758506E+04 1594.000000 LS_000374_0276
  9.584606E+04 5.756412E+04 1594.000000 LS_000374_0282
  9.583634E+04 5.754319E+04 1594.000000 LS_000374_0288
  9.582662E+04 5.752225E+04 1594.000000 LS_000374_0294
  9.581690E+04 5.750132E+04 1594.000000 LS_000374_0301
  9.580719E+04 5.748038E+04 1594.000000 LS_000374_0308
  9.580756E+04 5.744785E+04 1594.000000 LS_000374_0314
  9.580793E+04 5.741533E+04 1594.000000 LS_000374_0320
  9.580830E+04 5.738280E+04 1594.000000 LS_000374_0326
  9.580868E+04 5.735027E+04 1594.000000 LS_000374_0332
  9.580905E+04 5.731774E+04 1594.000000 LS_000374_0338
  9.580942E+04 5.728522E+04 1594.000000 LS_000374_0344
  9.580980E+04 5.725269E+04 1594.000000 LS_000374_0351
  9.581017E+04 5.722016E+04 1594.000000 LS_000374_0358
  9.581054E+04 5.718763E+04 1594.000000 LS_000374_0364
  9.581092E+04 5.715511E+04 1594.000000 LS_000374_0370
  9.581129E+04 5.712258E+04 1594.000000 LS_000374_0376
  9.581166E+04 5.709005E+04 1594.000000 LS_000374_0382
  9.581204E+04 5.705752E+04 1594.000000 LS_000374_0388
  9.581241E+04 5.702500E+04 1594.000000 LS_000374_0394
  9.581278E+04 5.699247E+04 1594.000000 LS_000374_0401
  9.581316E+04 5.695994E+04 1594.000000 LS_000374_0414
  9.582213E+04 5.692704E+04 1594.000000 LS_000374_0426
  9.583110E+04 5.689414E+04 1594.000000 LS_000374_0438
  9.584008E+04 5.686125E+04 1594.000000 LS_000374_0451
  9.584905E+04 5.682835E+04 1594.000000 LS_000374_0464
  9.585802E+04 5.679545E+04 1594.000000 LS_000374_0476
  9.586699E+04 5.676255E+04 1594.000000 LS_000374_0488
  9.587597E+04 5.672965E+04 1594.000000 LS_000374_0501
  9.588494E+04 5.669675E+04 1594.000000 LS_000374_0514
  9.588419E+04 5.667357E+04 1594.000000 LS_000374_0526
  9.588345E+04 5.665039E+04 1594.000000 LS_000374_0538
  9.588270E+04 5.662720E+04 1594.000000 LS_000374_0551
  9.588196E+04 5.660402E+04 1594.000000 LS_000374_0564
  9.588121E+04 5.658084E+04 1594.000000 LS_000374_0576
  9.588046E+04 5.655765E+04 1594.000000 LS_000374_0588
  9.587972E+04 5.653447E+04 1594.000000 LS_000374_0601
  9.587897E+04 5.651129E+04 1594.000000 LS_000374_0614
  9.585803E+04 5.648362E+04 1594.000000 LS_000374_0626
  9.583710E+04 5.645595E+04 1594.000000 LS_000374_0638
  9.581616E+04 5.642829E+04 1594.000000 LS_000374_0651
  9.579523E+04 5.640062E+04 1594.000000 LS_000374_0664
  9.577429E+04 5.637296E+04 1594.000000 LS_000374_0676
  9.575335E+04 5.634529E+04 1594.000000 LS_000374_0688
  9.573242E+04 5.631763E+04 1594.000000 LS_000374_0701
  9.571148E+04 5.628996E+04 1594.000000 LS_000374_0726
  9.568755E+04 5.628996E+04 1594.000000 LS_000374_0751
  9.566362E+04 5.628996E+04 1594.000000 LS_000374_0776
  9.563968E+04 5.628996E+04 1594.000000 LS_000374_0801
  9.561575E+04 5.628996E+04 1594.000000 LS_000374_0814
  9.559182E+04 5.630192E+04 1594.000000 LS_000374_0826
  9.556790E+04 5.631389E+04 1594.000000 LS_000374_0838
  9.554397E+04 5.632585E+04 1594.000000 LS_000374_0851
  9.552005E+04 5.633781E+04 1594.000000 LS_000374_0864
  9.549612E+04 5.634977E+04 1594.000000 LS_000374_0876
  9.547219E+04 5.636174E+04 1594.000000 LS_000374_0888
  9.544827E+04 5.637370E+04 1594.000000 LS_000374_0901
  9.542434E+04 5.638566E+04 1594.000000 LS_000374_0914
  9.540939E+04 5.640810E+04 1594.000000 LS_000374_0926
  9.539443E+04 5.643053E+04 1594.000000 LS_000374_0938
  9.537947E+04 5.645296E+04 1594.000000 LS_000374_0951
  9.536452E+04 5.647539E+04 1594.000000 LS_000374_0964
  9.534956E+04 5.649783E+04 1594.000000 LS_000374_0976
  9.533460E+04 5.652026E+04 1594.000000 LS_000374_0988
  9.531965E+04 5.654269E+04 1594.000000 LS_000374_1001
  9.530469E+04 5.656512E+04 1594.000000 LS_000374_1008
  9.529908E+04 5.659354E+04 1594.000000 LS_000374_1014
  9.529348E+04 5.662195E+04 1594.000000 LS_000374_1020
  9.528787E+04 5.665037E+04 1594.000000 LS_000374_1026
  9.528226E+04 5.667878E+04 1594.000000 LS_000374_1032
  9.527665E+04 5.670720E+04 1594.000000 LS_000374_1038
  9.527104E+04 5.673561E+04 1594.000000 LS_000374_1044
  9.526543E+04 5.676402E+04 1594.000000 LS_000374_1051
  9.525983E+04 5.679244E+04 1594.000000 LS_000374_1058
  9.525422E+04 5.682085E+04 1594.000000 LS_000374_1064
  9.524861E+04 5.684927E+04 1594.000000 LS_000374_1070
  9.524300E+04 5.687768E+04 1594.000000 LS_000374_1076
  9.523739E+04 5.690609E+04 1594.000000 LS_000374_1082
  9.523179E+04 5.693451E+04 1594.000000 LS_000374_1088
  9.522618E+04 5.696292E+04 1594.000000 LS_000374_1094
  9.522057E+04 5.699134E+04 1594.000000 LS_000374_1101
  9.521496E+04 5.701975E+04 1594.000000 LS_000374_1114
  9.522393E+04 5.705789E+04 1594.000000 LS_000374_1126
  9.523291E+04 5.709602E+04 1594.000000 LS_000374_1138
  9.524188E+04 5.713416E+04 1594.000000 LS_000374_1151
  9.525085E+04 5.717229E+04 1594.000000 LS_000374_1164
  9.525983E+04 5.721043E+04 1594.000000 LS_000374_1176
  9.526880E+04 5.724856E+04 1594.000000 LS_000374_1188
  9.527777E+04 5.728670E+04 1594.000000 LS_000374_1201
  9.528675E+04 5.732484E+04 1594.000000 LS_000374_1208
  9.530320E+04 5.735288E+04 1594.000000 LS_000374_1214
  9.531965E+04 5.738092E+04 1594.000000 LS_000374_1220
  9.533610E+04 5.740896E+04 1594.000000 LS_000374_1226
  9.535255E+04 5.743700E+04 1594.000000 LS_000374_1232
  9.536900E+04 5.746504E+04 1594.000000 LS_000374_1238
  9.538545E+04 5.749308E+04 1594.000000 LS_000374_1244
  9.540190E+04 5.752112E+04 1594.000000 LS_000374_1251
  9.541836E+04 5.754916E+04 1594.000000 LS_000374_1258
  9.543481E+04 5.757720E+04 1594.000000 LS_000374_1264
  9.545126E+04 5.760525E+04 1594.000000 LS_000374_1270
  9.546771E+04 5.763329E+04 1594.000000 LS_000374_1276
  9.548416E+04 5.766133E+04 1594.000000 LS_000374_1282
  9.550061E+04 5.768937E+04 1594.000000 LS_000374_1288
  9.551706E+04 5.771741E+04 1594.000000 LS_000374_1294
  9.553352E+04 5.774545E+04 1594.000000 LS_000374_1301
  9.554997E+04 5.777349E+04 1594.000000 LS_000374_1314
  9.557539E+04 5.779891E+04 1594.000000 LS_000374_1326
  9.560081E+04 5.782434E+04 1594.000000 LS_000374_1338
  9.562623E+04 5.784976E+04 1594.000000 LS_000374_1351
  9.565166E+04 5.787518E+04 1594.000000 LS_000374_1364
  9.567708E+04 5.790060E+04 1594.000000 LS_000374_1376
  9.570250E+04 5.792603E+04 1594.000000 LS_000374_1388
  9.572792E+04 5.795145E+04 1594.000000 LS_000374_1401
  9.575335E+04 5.797687E+04 1594.000000 LS_000374_1426
  9.579073E+04 5.798285E+04 1594.000000 LS_000374_1451
  9.582812E+04 5.798883E+04 1594.000000 LS_000374_1476
  9.586550E+04 5.799481E+04 1594.000000 LS_000374_1501
 9.590289E+04 5.800079E+04 
All of Flambeau
  8.653432E+04 5.382989E+04 1584.050000 LS_000322_0101
  8.723058E+04 5.355876E+04 1584.050000 LS_000322_0201
  8.752661E+04 5.356913E+04 1584.050000 LS_000322_0301
  8.759491E+04 5.343041E+04 1584.050000 LS_000322_0401
  8.765082E+04 5.333934E+04 1584.050000 LS_000322_0501
  8.769222E+04 5.325860E+04 1584.050000 LS_000322_0601
  8.776386E+04 5.311663E+04 1584.050000 LS_000322_0701
  8.783159E+04 5.292849E+04 1584.050000 LS_000322_0801
  8.796706E+04 5.255223E+04 1584.050000 LS_000322_0901
  8.753058E+04 5.155889E+04 1584.050000 LS_000322_1001
  8.765098E+04 5.055049E+04 1584.050000 LS_000322_1101
  8.834331E+04 4.904541E+04 1584.050000 LS_000322_1201
  8.790686E+04 4.892500E+04 1584.050000 LS_000322_1301
  8.768107E+04 4.805207E+04 1584.050000 LS_000322_1401
  8.805735E+04 4.760056E+04 1584.050000 LS_000322_1501
  8.846371E+04 4.775105E+04 1584.050000 LS_000322_1601
  8.905069E+04 4.681791E+04 1584.050000 LS_000322_1701
  8.947211E+04 4.683297E+04 1584.050000 LS_000322_1801
  9.034505E+04 4.793166E+04 1584.050000 LS_000322_1901
  9.088688E+04 4.805207E+04 1584.050000 LS_000322_2001
  9.156414E+04 4.775105E+04 1584.050000 LS_000322_2101
  9.037516E+04 4.696844E+04 1584.050000 LS_000322_2201
  8.974301E+04 4.672762E+04 1584.050000 LS_000322_2301
  8.969787E+04 4.585466E+04 1584.050000 LS_000322_2401
  8.887008E+04 4.574931E+04 1584.050000 LS_000322_2501
  8.852392E+04 4.692326E+04 1584.050000 LS_000322_2601
  8.819281E+04 4.702864E+04 1584.050000 LS_000322_2701
  8.784665E+04 4.675771E+04 1584.050000 LS_000322_2801
  8.757572E+04 4.696844E+04 1584.050000 LS_000322_2901
  8.768107E+04 4.758550E+04 1584.050000 LS_000322_3001
  8.725968E+04 4.760056E+04 1584.050000 LS_000322_3101
  8.694360E+04 4.708881E+04 1584.050000 LS_000322_3201
  8.703389E+04 4.666742E+04 1584.050000 LS_000322_3301
  8.692854E+04 4.564396E+04 1584.050000 LS_000322_3401
  8.777139E+04 4.508707E+04 1584.050000 LS_000322_3501
  8.816270E+04 4.442487E+04 1584.050000 LS_000322_3601
  9.025476E+04 4.531286E+04 1584.050000 LS_000322_3701
  9.297890E+04 4.436467E+04 1584.050000 LS_000322_3801
  9.312943E+04 4.383789E+04 1584.050000 LS_000322_3901
  9.463448E+04 4.337133E+04 1584.050000 LS_000322_4001
  9.571814E+04 4.367231E+04 1584.050000 LS_000322_4101
  9.629006E+04 4.346161E+04 1584.050000 LS_000322_4201
  9.693724E+04 4.416900E+04 1584.050000 LS_000322_4301
  9.677169E+04 4.508707E+04 1584.050000 LS_000322_4401
  9.633520E+04 4.583963E+04 1584.050000 LS_000322_4501
  9.520643E+04 4.562890E+04 1584.050000 LS_000322_4601
  9.490541E+04 4.621588E+04 1584.050000 LS_000322_4701
  9.486027E+04 4.711893E+04 1584.050000 LS_000322_4801
  9.418297E+04 4.826280E+04 1584.050000 LS_000322_4901
  9.347559E+04 4.791660E+04 1584.050000 LS_000322_5001
  9.318963E+04 4.826280E+04 1584.050000 LS_000322_5101
  9.395722E+04 4.886480E+04 1584.050000 LS_000322_5201
  9.455925E+04 4.993340E+04 1584.050000 LS_000322_5301
  9.501076E+04 5.033976E+04 1584.050000 LS_000322_5401
  9.520935E+04 5.121398E+04 1584.050000 LS_000322_5501
  9.540207E+04 5.205554E+04 1584.050000 LS_000322_5601
  9.534186E+04 5.247697E+04 1584.050000 LS_000322_5626
  9.504085E+04 5.287958E+04 1584.050000 LS_000322_5638
  9.489035E+04 5.308088E+04 1584.050000 LS_000322_5651
  9.473985E+04 5.328219E+04 1584.050000 LS_000322_5664
  9.458934E+04 5.348349E+04 1584.050000 LS_000322_5676
  9.443884E+04 5.368479E+04 1584.050000 LS_000322_5688
  9.428833E+04 5.388610E+04 1584.050000 LS_000322_5701
  9.413783E+04 5.408740E+04 1584.050000 LS_000322_5714
  9.387256E+04 5.413255E+04 1584.050000 LS_000322_5726
  9.360729E+04 5.417771E+04 1584.050000 LS_000322_5738
  9.334202E+04 5.422286E+04 1584.050000 LS_000322_5751
  9.307676E+04 5.426801E+04 1584.050000 LS_000322_5764
  9.281149E+04 5.431316E+04 1584.050000 LS_000322_5776
  9.254622E+04 5.435832E+04 1584.050000 LS_000322_5788
  9.228095E+04 5.440347E+04 1584.050000 LS_000322_5801
  9.201568E+04 5.444862E+04 1584.050000 LS_000322_5814
  9.175041E+04 5.443357E+04 1584.050000 LS_000322_5826
  9.148515E+04 5.441852E+04 1584.050000 LS_000322_5838
  9.121988E+04 5.440347E+04 1584.050000 LS_000322_5851
  9.095461E+04 5.438842E+04 1584.050000 LS_000322_5864
  9.068934E+04 5.437337E+04 1584.050000 LS_000322_5876
  9.042407E+04 5.435832E+04 1584.050000 LS_000322_5901
  8.989354E+04 5.432822E+04 1584.050000 LS_000322_5951
  8.922379E+04 5.405730E+04 1584.050000 LS_000322_6001
  8.855404E+04 5.378638E+04 1584.050000 LS_000322_6101
  8.826804E+04 5.341010E+04 1584.050000 LS_000322_6201
  8.804229E+04 5.347031E+04 1584.050000 LS_000322_6301
  8.789106E+04 5.340276E+04 1584.050000 LS_000322_6401
  8.773983E+04 5.333520E+04 1584.050000 LS_000322_6501
  8.769843E+04 5.339108E+04 1584.050000 LS_000322_6601
  8.765082E+04 5.345525E+04 1584.050000 LS_000322_6701
  8.759078E+04 5.358983E+04 1584.050000 LS_000322_6801
  8.794478E+04 5.382375E+04 1584.050000 LS_000322_6901
  8.812631E+04 5.488612E+04 1584.050000 LS_000322_7001
  8.864677E+04 5.555966E+04 1584.050000 LS_000322_7101
  8.916722E+04 5.623320E+04 1584.050000 LS_000322_7201
  8.902946E+04 5.709808E+04 1584.050000 LS_000322_7301
  8.896058E+04 5.753052E+04 1584.050000 LS_000322_7401
  8.889170E+04 5.796296E+04 1584.050000 LS_000322_7501
  8.893620E+04 5.796306E+04 1584.050000 LS_000322_7601
  8.898071E+04 5.796316E+04 1584.050000 LS_000322_7701
  8.904085E+04 5.796867E+04 1584.050000 LS_000322_7801
  8.910098E+04 5.797418E+04 1584.050000 LS_000322_7901
  8.915535E+04 5.798520E+04 1584.050000 LS_000322_8001
  8.920971E+04 5.799623E+04 1584.050000 LS_000322_8101
  8.928073E+04 5.787356E+04 1584.050000 LS_000322_8201
  8.935176E+04 5.775090E+04 1584.050000 LS_000322_8301
  8.942278E+04 5.762824E+04 1584.050000 LS_000322_8401
  8.949380E+04 5.750558E+04 1584.050000 LS_000322_8501
  8.972300E+04 5.744101E+04 1584.050000 LS_000322_8601
  8.995220E+04 5.737644E+04 1584.050000 LS_000322_8701
  9.017170E+04 5.747974E+04 1584.050000 LS_000322_8801
  9.039121E+04 5.758304E+04 1584.050000 LS_000322_8901
  9.041257E+04 5.781345E+04 1584.050000 LS_000322_9001
  9.040735E+04 5.801883E+04 1584.050000 LS_000322_9101
  9.041703E+04 5.839652E+04 1584.050000 LS_000322_9201
  9.069142E+04 5.842557E+04 1584.050000 LS_000322_9301
  9.096581E+04 5.845463E+04 1584.050000 LS_000322_9401
  9.094644E+04 5.797364E+04 1584.050000 LS_000322_9501
  9.092707E+04 5.749265E+04 1584.050000 LS_000322_9601
  9.085282E+04 5.718599E+04 1584.050000 LS_000322_9701
  9.081570E+04 5.703266E+04 1584.050000 LS_000322_9801
  9.077858E+04 5.687933E+04 1584.050000 LS_000322_9901
  9.095450E+04 5.674213E+04 1584.050000 LS_000322_10001
  9.113043E+04 5.660494E+04 1584.050000 LS_000322_10051
  9.130636E+04 5.646774E+04 1584.050000 LS_000322_10101
  9.148228E+04 5.633054E+04 1584.050000 LS_000322_10151
  9.152909E+04 5.645322E+04 1584.050000 LS_000322_10201
  9.157590E+04 5.657589E+04 1584.050000 LS_000322_10251
  9.162271E+04 5.669856E+04 1584.050000 LS_000322_10301
  9.166952E+04 5.682123E+04 1584.050000 LS_000322_10351
  9.179219E+04 5.693582E+04 1584.050000 LS_000322_10401
  9.191486E+04 5.705041E+04 1584.050000 LS_000322_10451
  9.203753E+04 5.716500E+04 1584.050000 LS_000322_10501
  9.216020E+04 5.727959E+04 1584.050000 LS_000322_10551
  9.232645E+04 5.732318E+04 1584.050000 LS_000322_10601
  9.249270E+04 5.736677E+04 1584.050000 LS_000322_10651
  9.265895E+04 5.741035E+04 1584.050000 LS_000322_10701
  9.282520E+04 5.745394E+04 1584.050000 LS_000322_10751
  9.295045E+04 5.753253E+04 1584.050000 LS_000322_10801
  9.307571E+04 5.761111E+04 1584.050000 LS_000322_10851
  9.320096E+04 5.768970E+04 1584.050000 LS_000322_10901
  9.332621E+04 5.776829E+04 1584.050000 LS_000322_10951
  9.345147E+04 5.784688E+04 1584.050000 LS_000322_11001
  9.357672E+04 5.792547E+04 1584.050000 LS_000322_11051
  9.363935E+04 5.796476E+04 1584.050000 LS_000322_11101
  9.370198E+04 5.800406E+04 1584.050000 LS_000322_11151
  9.375027E+04 5.805147E+04 1584.050000 LS_000322_11201
  9.379856E+04 5.809888E+04 1584.050000 LS_000322_11251
  9.381688E+04 5.813553E+04 1584.050000 LS_000322_11301
  9.383520E+04 5.817218E+04 1584.050000 LS_000322_11351
  9.384895E+04 5.821570E+04 1584.050000 LS_000322_11401
  9.386270E+04 5.825922E+04 1584.050000 LS_000322_11451
  9.387643E+04 5.830043E+04 1584.050000 LS_000322_11501
  9.389016E+04 5.834163E+04 1584.050000 LS_000322_11551
  9.389933E+04 5.838058E+04 1584.050000 LS_000322_11601
  9.390850E+04 5.841952E+04 1584.050000 LS_000322_11626
  9.390346E+04 5.845551E+04 1584.050000 LS_000322_11651
  9.389843E+04 5.849149E+04 1584.050000 LS_000322_11676
  9.389339E+04 5.852748E+04 1584.050000 LS_000322_11701
  9.388835E+04 5.856347E+04 1584.050000 LS_000322_11751
  9.387597E+04 5.859598E+04 1584.050000 LS_000322_11801
  9.386358E+04 5.862849E+04 1584.050000 LS_000322_11901
  9.383881E+04 5.869350E+04 1584.050000 LS_000322_12001
  9.378040E+04 5.871429E+04 1584.050000 LS_000322_12101
  9.372198E+04 5.873507E+04 1584.050000 LS_000322_12151
  9.366357E+04 5.875586E+04 1584.050000 LS_000322_12201
  9.360515E+04 5.877664E+04 1584.050000 LS_000322_12251
  9.353841E+04 5.882410E+04 1584.050000 LS_000322_12301
  9.347167E+04 5.887156E+04 1584.050000 LS_000322_12351
  9.343129E+04 5.890202E+04 1584.050000 LS_000322_12401
  9.339091E+04 5.893248E+04 1584.050000 LS_000322_12451
  9.332839E+04 5.894870E+04 1584.050000 LS_000322_12501
  9.326586E+04 5.896491E+04 1584.050000 LS_000322_12551
  9.320016E+04 5.897178E+04 1584.050000 LS_000322_12601
  9.313445E+04 5.897864E+04 1584.050000 LS_000322_12651
  9.307005E+04 5.903891E+04 1584.050000 LS_000322_12701
  9.300564E+04 5.909917E+04 1584.050000 LS_000322_12751
  9.294124E+04 5.915944E+04 1584.050000 LS_000322_12801
  9.287684E+04 5.921970E+04 1584.050000 LS_000322_12851
  9.278322E+04 5.932461E+04 1584.050000 LS_000322_12901
  9.268960E+04 5.942953E+04 1584.050000 LS_000322_12951
  9.260728E+04 5.940531E+04 1584.050000 LS_000322_13001
  9.252497E+04 5.938110E+04 1584.050000 LS_000322_13051
  9.244265E+04 5.935689E+04 1584.050000 LS_000322_13101
  9.236033E+04 5.933268E+04 1584.050000 LS_000322_13126
  9.229416E+04 5.924713E+04 1584.050000 LS_000322_13151
  9.222799E+04 5.916158E+04 1584.050000 LS_000322_13176
  9.216181E+04 5.907603E+04 1584.050000 LS_000322_13201
  9.209564E+04 5.899049E+04 1584.050000 LS_000322_13226
  9.198992E+04 5.897273E+04 1584.050000 LS_000322_13251
  9.188419E+04 5.895498E+04 1584.050000 LS_000322_13276
  9.177847E+04 5.893723E+04 1584.050000 LS_000322_13301
  9.167275E+04 5.891947E+04 1584.050000 LS_000322_13351
  9.146131E+04 5.888396E+04 1584.050000 LS_000322_13401
  9.124987E+04 5.884846E+04 1584.050000 LS_000322_13451
  9.132089E+04 5.895499E+04 1584.050000 LS_000322_13501
  9.139191E+04 5.906152E+04 1584.050000 LS_000322_13551
  9.146293E+04 5.916804E+04 1584.050000 LS_000322_13601
  9.153396E+04 5.927457E+04 1584.050000 LS_000322_13651
  9.152426E+04 5.936819E+04 1584.050000 LS_000322_13701
  9.151457E+04 5.946181E+04 1584.050000 LS_000322_13726
  9.146615E+04 5.951668E+04 1584.050000 LS_000322_13751
  9.141773E+04 5.957156E+04 1584.050000 LS_000322_13776
  9.136932E+04 5.962643E+04 1584.050000 LS_000322_13801
  9.132090E+04 5.968130E+04 1584.050000 LS_000322_13826
  9.120792E+04 5.968775E+04 1584.050000 LS_000322_13851
  9.109493E+04 5.969421E+04 1584.050000 LS_000322_13876
  9.098195E+04 5.970066E+04 1584.050000 LS_000322_13901
  9.086896E+04 5.970712E+04 1584.050000 LS_000322_13926
  9.078665E+04 5.961189E+04 1584.050000 LS_000322_13951
  9.070433E+04 5.951667E+04 1584.050000 LS_000322_13976
  9.062201E+04 5.942144E+04 1584.050000 LS_000322_14001
  9.053970E+04 5.932621E+04 1584.050000 LS_000322_14051
  9.039766E+04 5.931492E+04 1584.050000 LS_000322_14101
  9.025563E+04 5.930363E+04 1584.050000 LS_000322_14151
  9.011359E+04 5.929233E+04 1584.050000 LS_000322_14201
  8.997156E+04 5.928104E+04 1584.050000 LS_000322_14251
  8.986180E+04 5.920840E+04 1584.050000 LS_000322_14301
  8.975205E+04 5.913576E+04 1584.050000 LS_000322_14401
  8.953255E+04 5.899049E+04 1584.050000 LS_000322_14501
  8.947766E+04 5.882908E+04 1584.050000 LS_000322_14601
  8.942277E+04 5.866768E+04 1584.050000 LS_000322_14701
  8.927428E+04 5.853210E+04 1584.050000 LS_000322_14801
  8.920326E+04 5.842235E+04 1584.050000 LS_000322_14901
  8.913225E+04 5.831260E+04 1584.050000 LS_000322_15001
  8.915269E+04 5.820276E+04 1584.050000 LS_000322_15101
  8.917313E+04 5.809291E+04 1584.050000 LS_000322_15201
  8.911496E+04 5.809067E+04 1584.050000 LS_000322_15301
  8.905679E+04 5.808842E+04 1584.050000 LS_000322_15401
  8.900310E+04 5.808619E+04 1584.050000 LS_000322_15501
  8.894941E+04 5.808396E+04 1584.050000 LS_000322_15601
  8.890914E+04 5.808396E+04 1584.050000 LS_000322_15701
  8.886886E+04 5.808396E+04 1584.050000 LS_000322_15801
  8.875782E+04 5.829900E+04 1584.050000 LS_000322_15901
  8.864678E+04 5.851404E+04 1584.050000 LS_000322_16001
  8.889936E+04 5.894267E+04 1584.050000 LS_000322_16101
  8.915194E+04 5.937129E+04 1584.050000 LS_000322_16201
  8.927439E+04 6.000656E+04 1584.050000 LS_000322_16301
  8.933562E+04 6.032420E+04 1584.050000 LS_000322_16401
  8.939685E+04 6.064183E+04 1584.050000 LS_000322_16501
  8.954993E+04 6.094798E+04 1584.050000 LS_000322_16601
  8.970302E+04 6.125413E+04 1584.050000 LS_000322_16701
  8.942748E+04 6.137659E+04 1584.050000 LS_000322_16801
  8.915194E+04 6.149905E+04 1584.050000 LS_000322_16901
  8.890700E+04 6.130771E+04 1584.050000 LS_000322_17001
  8.866207E+04 6.111637E+04 1584.050000 LS_000322_17101
  8.847838E+04 6.111637E+04 1584.050000 LS_000322_17201
  8.829469E+04 6.111637E+04 1584.050000 LS_000322_17301
  8.808803E+04 6.098242E+04 1584.050000 LS_000322_17401
  8.788138E+04 6.084847E+04 1584.050000 LS_000322_17501
  8.767473E+04 6.071453E+04 1584.050000 LS_000322_17601
  8.746808E+04 6.058058E+04 1584.050000 LS_000322_17701
  8.723081E+04 6.077958E+04 1584.050000 LS_000322_17801
  8.699354E+04 6.097858E+04 1584.050000 LS_000322_17901
  8.682515E+04 6.091736E+04 1584.050000 LS_000322_18001
  8.665676E+04 6.085614E+04 1584.050000 LS_000322_18101
  8.660318E+04 6.067244E+04 1584.050000 LS_000322_18201
  8.654961E+04 6.048875E+04 1584.050000 LS_000322_18301
  8.635827E+04 6.058824E+04 1584.050000 LS_000322_18401
  8.616545E+04 6.072247E+04 1584.050000 LS_000322_18501
  8.616112E+04 6.081499E+04 1584.050000 LS_000322_18601
  8.623917E+04 6.092776E+04 1584.050000 LS_000322_18701
  8.632014E+04 6.096821E+04 1584.050000 LS_000322_18801
  8.635627E+04 6.109977E+04 1584.050000 LS_000322_18901
  8.642874E+04 6.121949E+04 1584.050000 LS_000322_19001
  8.647873E+04 6.123168E+04 1584.050000 LS_000322_19101
  8.652872E+04 6.124387E+04 1584.050000 LS_000322_19201
  8.662869E+04 6.126826E+04 1584.050000 LS_000322_19301
  8.682864E+04 6.131703E+04 1584.050000 LS_000322_19401
  8.702859E+04 6.136580E+04 1584.050000 LS_000322_19501
  8.722854E+04 6.141457E+04 1584.050000 LS_000322_19601
  8.762844E+04 6.151211E+04 1584.050000 LS_000322_19701
  8.802835E+04 6.160965E+04 1584.050000 LS_000322_19801
  8.843799E+04 6.157064E+04 1584.050000 LS_000322_19901
  8.851604E+04 6.159012E+04 1584.050000 LS_000322_20001
  8.875013E+04 6.203881E+04 1584.050000 LS_000322_20101
  8.984255E+04 6.227290E+04 1584.050000 LS_000322_20201
  8.992057E+04 6.274108E+04 1584.050000 LS_000322_20301
  9.060331E+04 6.369695E+04 1584.050000 LS_000322_20401
  8.988156E+04 6.447723E+04 1584.050000 LS_000322_20501
  9.040823E+04 6.512096E+04 1584.050000 LS_000322_20601
  9.036923E+04 6.590128E+04 1584.050000 LS_000322_20701
  9.099347E+04 6.621339E+04 1584.050000 LS_000322_20801
  9.080815E+04 6.657428E+04 1584.050000 LS_000322_20901
  9.062283E+04 6.693517E+04 1584.050000 LS_000322_21001
  9.143238E+04 6.747162E+04 1584.050000 LS_000322_21101
  9.224193E+04 6.800807E+04 1584.050000 LS_000322_21201
  9.298323E+04 6.761791E+04 1584.050000 LS_000322_21301
  9.358796E+04 6.806660E+04 1584.050000 LS_000322_21401
  9.304173E+04 6.869081E+04 1584.050000 LS_000322_21501
  9.372451E+04 6.869081E+04 1584.050000 LS_000322_21601
  9.469987E+04 6.833970E+04 1584.050000 LS_000322_21701
  9.509003E+04 6.861280E+04 1584.050000 LS_000322_21801
  9.438776E+04 6.937359E+04 1584.050000 LS_000322_21901
  9.456332E+04 6.995879E+04 1584.050000 LS_000322_22001
  9.514856E+04 6.919803E+04 1584.050000 LS_000322_22101
  9.563622E+04 6.939308E+04 1584.050000 LS_000322_22201
  9.530459E+04 7.029042E+04 1584.050000 LS_000322_22301
  9.657257E+04 7.083665E+04 1584.050000 LS_000322_22401
  9.655307E+04 7.135359E+04 1584.050000 LS_000322_22501
  9.654332E+04 7.161207E+04 1584.050000 LS_000322_22601
  9.653844E+04 7.174130E+04 1584.050000 LS_000322_22701
  9.653356E+04 7.187054E+04 1584.050000 LS_000322_22801
  9.643359E+04 7.203635E+04 1584.050000 LS_000322_22901
  9.633361E+04 7.220216E+04 1584.050000 LS_000322_23001
  9.613366E+04 7.253378E+04 1584.050000 LS_000322_23101
  9.573376E+04 7.319701E+04 1584.050000 LS_000322_23201
  9.435850E+04 7.338235E+04 1584.050000 LS_000322_23301
  9.298323E+04 7.356768E+04 1584.050000 LS_000322_23401
  9.313929E+04 7.503073E+04 1584.050000 LS_000322_23501
  9.329534E+04 7.649377E+04 1584.050000 LS_000322_23601
  9.235899E+04 7.696194E+04 1584.050000 LS_000322_23701
  9.228097E+04 7.553793E+04 1584.050000 LS_000322_23801
  9.083740E+04 7.409436E+04 1584.050000 LS_000322_23901
  9.081791E+04 7.237772E+04 1584.050000 LS_000322_24001
  9.261260E+04 7.110974E+04 1584.050000 LS_000322_24101
  9.116903E+04 6.956867E+04 1584.050000 LS_000322_24201
  9.031073E+04 6.978323E+04 1584.050000 LS_000322_24301
  8.933533E+04 6.937359E+04 1584.050000 LS_000322_24401
  8.857454E+04 6.802756E+04 1584.050000 LS_000322_24501
  8.841850E+04 6.609633E+04 1584.050000 LS_000322_24601
  8.740410E+04 6.539406E+04 1584.050000 LS_000322_24701
  8.880866E+04 6.318973E+04 1584.050000 LS_000322_24801
  8.831122E+04 6.309219E+04 1584.050000 LS_000322_24901
  8.781378E+04 6.299465E+04 1584.050000 LS_000322_25001
  8.727731E+04 6.237042E+04 1584.050000 LS_000322_25101
  8.674085E+04 6.174619E+04 1584.050000 LS_000322_25201
  8.644826E+04 6.180472E+04 1584.050000 LS_000322_25301
  8.621171E+04 6.170689E+04 1584.050000 LS_000322_25401
  8.619728E+04 6.152762E+04 1584.050000 LS_000322_25501
  8.623917E+04 6.141778E+04 1584.050000 LS_000322_25601
  8.628688E+04 6.133248E+04 1584.050000 LS_000322_25701
  8.632736E+04 6.125732E+04 1584.050000 LS_000322_25801
  8.638806E+04 6.122841E+04 1584.050000 LS_000322_25901
  8.632592E+04 6.112290E+04 1584.050000 LS_000322_26001
  8.628976E+04 6.098990E+04 1584.050000 LS_000322_26101
  8.621896E+04 6.096532E+04 1584.050000 LS_000322_26201
  8.601224E+04 6.113589E+04 1584.050000 LS_000322_26301
  8.571014E+04 6.135850E+04 1584.050000 LS_000322_26401
  8.517958E+04 6.087908E+04 1584.050000 LS_000322_26501
  8.469738E+04 6.044281E+04 1584.050000 LS_000322_26601
  8.465144E+04 6.082552E+04 1584.050000 LS_000322_26701
  8.425344E+04 6.120820E+04 1584.050000 LS_000322_26801
  8.468207E+04 6.150671E+04 1584.050000 LS_000322_26901
  8.511070E+04 6.180522E+04 1584.050000 LS_000322_27001
  8.511834E+04 6.244813E+04 1584.050000 LS_000322_27101
  8.512598E+04 6.309104E+04 1584.050000 LS_000322_27201
  8.403914E+04 6.456060E+04 1584.050000 LS_000322_27301
  8.316660E+04 6.469836E+04 1584.050000 LS_000322_27401
  8.264613E+04 6.448406E+04 1584.050000 LS_000322_27501
  8.266145E+04 6.411667E+04 1584.050000 LS_000322_27601
  8.100820E+04 6.390236E+04 1584.050000 LS_000322_27701
  8.007444E+04 6.433097E+04 1584.050000 LS_000322_27801
  7.924783E+04 6.399419E+04 1584.050000 LS_000322_27901
  7.878858E+04 6.313698E+04 1584.050000 LS_000322_28001
  7.865082E+04 6.253996E+04 1584.050000 LS_000322_28101
  7.823753E+04 6.266243E+04 1584.050000 LS_000322_28201
  7.800791E+04 6.261652E+04 1584.050000 LS_000322_28301
  7.777828E+04 6.257060E+04 1584.050000 LS_000322_28401
  7.776298E+04 6.220322E+04 1584.050000 LS_000322_28501
  7.774767E+04 6.183583E+04 1584.050000 LS_000322_28601
  7.877329E+04 6.085614E+04 1584.050000 LS_000322_28701
  8.057959E+04 6.145312E+04 1584.050000 LS_000322_28801
  8.005915E+04 6.062651E+04 1584.050000 LS_000322_28901
  7.940092E+04 6.025912E+04 1584.050000 LS_000322_29001
  8.061020E+04 5.949373E+04 1584.050000 LS_000322_29101
  8.070207E+04 5.874367E+04 1584.050000 LS_000322_29201
  8.154400E+04 5.834567E+04 1584.050000 LS_000322_29301
  8.108474E+04 5.807011E+04 1584.050000 LS_000322_29401
  8.108474E+04 5.730472E+04 1584.050000 LS_000322_29501
  8.036529E+04 5.686083E+04 1584.050000 LS_000322_29601
  8.038059E+04 5.595002E+04 1584.050000 LS_000322_29701
  8.039590E+04 5.503921E+04 1584.050000 LS_000322_29801
  8.167410E+04 5.478661E+04 1584.050000 LS_000322_29901
  8.295230E+04 5.453402E+04 1584.050000 LS_000322_30001
  8.353399E+04 5.407480E+04 1584.050000 LS_000322_30101
  8.422283E+04 5.430443E+04 1584.050000 LS_000322_30201
  8.397792E+04 5.572805E+04 1584.050000 LS_000322_30301
  8.411568E+04 5.770272E+04 1584.050000 LS_000322_30401
  8.508009E+04 5.744252E+04 1584.050000 LS_000322_30501
  8.561585E+04 5.748842E+04 1584.050000 LS_000322_30601
  8.514131E+04 5.664649E+04 1584.050000 LS_000322_30701
  8.541683E+04 5.592703E+04 1584.050000 LS_000322_30801
  8.607507E+04 5.647812E+04 1584.050000 LS_000322_30901
  8.616693E+04 5.693734E+04 1584.050000 LS_000322_31001
  8.664147E+04 5.722818E+04 1584.050000 LS_000322_31101
  8.627408E+04 5.738127E+04 1584.050000 LS_000322_31201
  8.648839E+04 5.831506E+04 1584.050000 LS_000322_31301
  8.564646E+04 5.805482E+04 1584.050000 LS_000322_31401
  8.573832E+04 5.975397E+04 1584.050000 LS_000322_31501
  8.630469E+04 5.947844E+04 1584.050000 LS_000322_31601
  8.676391E+04 5.998360E+04 1584.050000 LS_000322_31701
  8.677923E+04 5.940190E+04 1584.050000 LS_000322_31801
  8.719255E+04 5.877428E+04 1584.050000 LS_000322_31901
  8.703947E+04 5.814665E+04 1584.050000 LS_000322_32001
  8.740686E+04 5.768743E+04 1584.050000 LS_000322_32101
  8.668737E+04 5.675364E+04 1584.050000 LS_000322_32201
  8.760584E+04 5.692205E+04 1584.050000 LS_000322_32301
  8.696293E+04 5.652405E+04 1584.050000 LS_000322_32401
  8.688638E+04 5.580459E+04 1584.050000 LS_000322_32501
  8.667208E+04 5.612605E+04 1584.050000 LS_000322_32601
  8.628937E+04 5.617195E+04 1584.050000 LS_000322_32701
  8.592201E+04 5.516165E+04 1584.050000 LS_000322_32801
  8.684045E+04 5.548310E+04 1584.050000 LS_000322_32901
  8.630469E+04 5.435036E+04 1584.050000 LS_000322_33001
 8.647306E+04 5.386050E+04 
Fence
  1.088560E+05 5.630883E+04 1584.200000 LS_000320_0101
  1.075595E+05 5.686142E+04 1584.200000 LS_000320_0201
  1.076446E+05 5.966686E+04 1584.200000 LS_000320_0301
  1.073682E+05 6.136716E+04 1584.200000 LS_000320_0401
  1.057530E+05 6.202602E+04 1584.200000 LS_000320_0501
  1.037764E+05 6.200479E+04 1584.200000 LS_000320_0601
  1.021399E+05 6.121841E+04 1584.200000 LS_000320_0701
  1.014172E+05 5.856168E+04 1584.200000 LS_000320_0801
  1.008434E+05 5.858294E+04 1584.200000 LS_000320_0901
  1.011834E+05 5.985817E+04 1584.200000 LS_000320_1001
  1.008646E+05 6.049577E+04 1584.200000 LS_000320_1051
  1.003333E+05 6.061266E+04 1584.200000 LS_000320_1101
  9.980197E+04 6.072956E+04 1584.200000 LS_000320_1126
  9.954161E+04 6.066048E+04 1584.200000 LS_000320_1151
  9.928125E+04 6.059140E+04 1584.200000 LS_000320_1176
  9.902089E+04 6.052233E+04 1584.200000 LS_000320_1201
  9.876053E+04 6.045325E+04 1584.200000 LS_000320_1226
  9.857457E+04 6.031510E+04 1584.200000 LS_000320_1251
  9.838860E+04 6.017695E+04 1584.200000 LS_000320_1276
  9.820263E+04 6.003880E+04 1584.200000 LS_000320_1301
  9.801667E+04 5.990066E+04 1584.200000 LS_000320_1326
  9.792102E+04 5.970406E+04 1584.200000 LS_000320_1351
  9.782538E+04 5.950746E+04 1584.200000 LS_000320_1376
  9.772973E+04 5.931087E+04 1584.200000 LS_000320_1401
  9.763409E+04 5.911427E+04 1584.200000 LS_000320_1426
  9.772442E+04 5.887517E+04 1584.200000 LS_000320_1451
  9.781475E+04 5.863607E+04 1584.200000 LS_000320_1476
  9.790508E+04 5.839697E+04 1584.200000 LS_000320_1501
  9.799541E+04 5.815787E+04 1584.200000 LS_000320_1514
  9.791836E+04 5.793205E+04 1584.200000 LS_000320_1526
  9.784131E+04 5.770623E+04 1584.200000 LS_000320_1538
  9.776427E+04 5.748041E+04 1584.200000 LS_000320_1551
  9.768722E+04 5.725459E+04 1584.200000 LS_000320_1564
  9.761017E+04 5.702877E+04 1584.200000 LS_000320_1576
  9.753313E+04 5.680295E+04 1584.200000 LS_000320_1588
  9.745608E+04 5.657713E+04 1584.200000 LS_000320_1601
  9.737904E+04 5.635131E+04 1584.200000 LS_000320_1614
  9.730996E+04 5.612283E+04 1584.200000 LS_000320_1626
  9.724089E+04 5.589436E+04 1584.200000 LS_000320_1638
  9.717181E+04 5.566588E+04 1584.200000 LS_000320_1651
  9.710274E+04 5.543740E+04 1584.200000 LS_000320_1664
  9.703367E+04 5.520892E+04 1584.200000 LS_000320_1676
  9.696459E+04 5.498045E+04 1584.200000 LS_000320_1688
  9.689552E+04 5.475197E+04 1584.200000 LS_000320_1701
  9.682644E+04 5.452349E+04 1584.200000 LS_000320_1726
  9.683707E+04 5.425782E+04 1584.200000 LS_000320_1751
  9.684770E+04 5.399216E+04 1584.200000 LS_000320_1776
  9.685833E+04 5.372649E+04 1584.200000 LS_000320_1801
  9.686896E+04 5.346083E+04 1584.200000 LS_000320_1851
  9.692210E+04 5.321640E+04 1584.200000 LS_000320_1901
  9.697523E+04 5.297198E+04 1584.200000 LS_000320_1951
  9.734716E+04 5.260005E+04 1584.200000 LS_000320_2001
  9.771909E+04 5.222812E+04 1584.200000 LS_000320_2051
  9.808041E+04 5.200495E+04 1584.200000 LS_000320_2101
  9.844173E+04 5.178179E+04 1584.200000 LS_000320_2201
  9.897306E+04 5.210059E+04 1584.200000 LS_000320_2301
  9.920686E+04 5.195180E+04 1584.200000 LS_000320_2401
  9.893058E+04 5.152674E+04 1584.200000 LS_000320_2501
  9.865427E+04 5.071909E+04 1584.200000 LS_000320_2601
  9.861175E+04 4.980522E+04 1584.200000 LS_000320_2701
  9.886680E+04 4.884879E+04 1584.200000 LS_000320_2801
  9.963192E+04 4.801991E+04 1584.200000 LS_000320_2901
  1.009709E+05 4.731854E+04 1584.200000 LS_000320_3001
  1.031600E+05 4.689347E+04 1584.200000 LS_000320_3101
  1.046478E+05 4.655341E+04 1584.200000 LS_000320_3201
  1.044778E+05 4.617083E+04 1584.200000 LS_000320_3301
  1.036914E+05 4.546946E+04 1584.200000 LS_000320_3401
  1.037764E+05 4.455558E+04 1584.200000 LS_000320_3501
  1.048603E+05 4.402421E+04 1584.200000 LS_000320_3601
  1.062418E+05 4.400299E+04 1584.200000 LS_000320_3701
  1.070494E+05 4.444931E+04 1584.200000 LS_000320_3801
  1.070920E+05 4.538445E+04 1584.200000 LS_000320_3901
  1.071344E+05 4.623461E+04 1584.200000 LS_000320_4001
  1.079421E+05 4.663842E+04 1584.200000 LS_000320_4101
  1.085159E+05 4.651089E+04 1584.200000 LS_000320_4201
  1.091111E+05 4.523570E+04 1584.200000 LS_000320_4301
  1.096636E+05 4.498064E+04 1584.200000 LS_000320_4401
  1.097912E+05 4.574577E+04 1584.200000 LS_000320_4501
  1.093023E+05 4.636211E+04 1584.200000 LS_000320_4601
  1.095574E+05 4.748855E+04 1584.200000 LS_000320_4701
  1.087285E+05 4.942264E+04 1584.200000 LS_000320_4801
  1.078996E+05 5.052782E+04 1584.200000 LS_000320_4901
  1.073470E+05 5.235564E+04 1584.200000 LS_000320_5001
  1.077296E+05 5.426847E+04 1584.200000 LS_000320_5101
  1.090260E+05 5.505486E+04 1584.200000 LS_000320_5201
 1.089835E+05 5.626631E+04 
 Wastewatercreek
  9.360315E+04 5.941762E+04 9.361239E+04 5.946148E+04 5.56115E+00 LS_000319_0051
  9.361239E+04 5.946148E+04 9.362162E+04 5.950535E+04 5.32346E+00 LS_000319_0101
  9.362162E+04 5.950535E+04 9.365279E+04 5.953191E+04 5.09605E+00 LS_000319_0151
  9.365279E+04 5.953191E+04 9.368396E+04 5.955846E+04 4.87892E+00 LS_000319_0201
  9.368396E+04 5.955846E+04 9.370011E+04 5.958734E+04 4.68264E+00 LS_000319_0251
  9.370011E+04 5.958734E+04 9.371627E+04 5.961621E+04 4.50720E+00 LS_000319_0301
  9.371627E+04 5.961621E+04 9.371859E+04 5.964852E+04 4.33358E+00 LS_000319_0351
  9.371859E+04 5.964852E+04 9.372090E+04 5.968084E+04 4.16179E+00 LS_000319_0401
  9.372090E+04 5.968084E+04 9.370820E+04 5.971778E+04 3.97232E+00 LS_000319_0451
  9.370820E+04 5.971778E+04 9.369551E+04 5.975472E+04 3.76519E+00 LS_000319_0501
  9.369551E+04 5.975472E+04 9.370359E+04 5.980207E+04 3.53429E+00 LS_000319_0551
  9.370359E+04 5.980207E+04 9.371168E+04 5.984941E+04 3.27962E+00 LS_000319_0601
  9.371168E+04 5.984941E+04 9.370764E+04 5.988982E+04 3.04461E+00 LS_000319_0626
  9.370764E+04 5.988982E+04 9.370359E+04 5.993023E+04 2.82925E+00 LS_000319_0651
  9.370359E+04 5.993023E+04 9.369955E+04 5.997064E+04 2.61390E+00 LS_000319_0676
  9.369955E+04 5.997064E+04 9.369551E+04 6.001106E+04 2.39855E+00 LS_000319_0701
  9.369551E+04 6.001106E+04 9.371514E+04 6.004915E+04 2.17725E+00 LS_000319_0751
  9.371514E+04 6.004915E+04 9.373478E+04 6.008724E+04 1.95002E+00 LS_000319_0801
  9.373478E+04 6.008724E+04 9.374170E+04 6.012766E+04 1.72768E+00 LS_000319_0851
  9.374170E+04 6.012766E+04 9.374862E+04 6.016808E+04 1.51023E+00 LS_000319_0901
  9.374862E+04 6.016808E+04 9.374400E+04 6.019867E+04 1.31948E+00 LS_000319_0926
  9.374400E+04 6.019867E+04 9.373939E+04 6.022927E+04 1.15542E+00 LS_000319_0951
  9.373939E+04 6.022927E+04 9.373477E+04 6.025986E+04 9.91355E-01 LS_000319_0976
  9.373477E+04 6.025986E+04 9.373015E+04 6.029045E+04 8.27293E-01 LS_000319_1001
  9.373015E+04 6.029045E+04 9.373880E+04 6.032451E+04 6.52105E-01 LS_000319_1026
  9.373880E+04 6.032451E+04 9.374746E+04 6.035856E+04 4.65789E-01 LS_000319_1051
  9.374746E+04 6.035856E+04 9.375611E+04 6.039262E+04 2.79474E-01 LS_000319_1076
  9.375611E+04 6.039262E+04 9.376476E+04 6.042667E+04 9.31578E-02 LS_000319_1101